%% 
% @file: bancessai_ini.m
% @Date: 2023/10/04
%
% @Name: - Shawn Miller (mils2203)
%        -     
%        -  
%        -  
%        -  
%        -  
%        -  
%
% @Brief:
%   
%
%%

bancEssaiConstantes
courant_voltage
matrice_L
porjet_1


ae0 = -1.3924;
ae1 = 0.0068;
ae2 = -5.2627e-05;
ae3 = 6.6906e-07;
as0 = 0.0623;
as1 = -2.2871e-04;
as2 = 1.6798e-06;
as3 = -2.1645e-08;
be1 = 13.029359254409743;



